K3,25647.229,52187.093,38.930
SJ05,25661.440,52187.092,37.974
K1,25647.229,52187.093,38.930
K1,25743.255,52118.700,38.744
SJ05,25649.769,52113.800,38.808
K1,25743.255,52118.700,38.744
K1,25743.255,52118.700,38.744
K1,25743.255,52118.700,38.744
K1S1,25760.308,52120.933,39.419
K1S2,25772.564,52121.139,39.568
K1S3,25782.357,52120.715,39.608
K1S4,25729.697,52126.940,39.775
K1S5,25720.212,52131.143,39.948
K1S6,25704.433,52135.094,39.788
K1H1,25753.461,52123.129,39.156
K1H2,25753.795,52126.627,39.097
K1T2,25752.740,52141.599,38.853
K1T3,25752.746,52147.727,38.824
K1T4,25746.752,52145.927,38.868
K1T5,25741.249,52145.806,38.950
K1H3,25734.047,52140.013,39.457
K1H4,25728.546,52134.318,39.570
K1H5,25722.772,52139.712,39.485
K1T6,25723.314,52145.295,39.165
K1T7,25721.923,52143.517,39.100
K1T9,25705.264,52142.669,39.068
K1T11,25688.462,52141.349,39.089
K1T12,25694.196,52139.785,38.934
K1T13,25681.897,52137.610,39.154
K1T14,25679.809,52139.512,39.196
K1T15,25675.935,52126.858,38.936
K1T16,25672.915,52127.183,38.929
K1T17,25749.736,52103.415,38.590
K1T18,25751.567,52115.975,38.618
K1T19,25785.799,52116.032,44.040
K1T20,25785.885,52119.664,39.620
K1T21,25759.444,52118.777,38.527
K1T22,25762.329,52122.017,39.797
K1T23,25741.327,52124.156,39.649
K1T24,25733.774,52121.443,38.410
K1T25,25701.470,52124.892,38.727
K1T26,25678.904,52127.343,38.765
K1T27,25688.604,52129.730,39.295
K2,25688.950,52162.170,38.932
SJ05,25745.525,52136.210,38.741
SJ05,25745.520,52136.210,38.741
SJ05,25688.950,52162.170,38.932
SJ05,25649.782,52113.801,38.749
K2,25643.386,52175.714,38.948
KJ06,25760.617,52222.566,38.751
K3-1,25760.308,52120.933,39.419
K3-1,25647.299,52187.093,38.930
K3-1,25647.299,52187.093,38.930
SJ09,25715.066,52185.025,38.976
K2,25688.950,52162.170,38.932
SJ05,25649.778,52113.798,38.729
K2T28,25679.119,52171.922,38.881
K2T29,25711.039,52172.340,38.885
K2T30,25679.621,52152.590,38.874
K2T31,25709.703,52162.718,38.915
K2T32,25680.763,52162.226,38.916
K2T34,25709.300,52152.998,38.880
K2T35,25711.269,52152.493,38.916
K2T36,25709.638,52146.348,39.067
K2T8,25711.573,52146.921,39.054
K2T10,25709.633,52146.353,39.071
K2T37,25679.411,52146.290,39.115
K2T38,25671.795,52158.143,38.994
K2T39,25646.273,52163.271,39.024
K2T40,25660.304,52146.483,39.876
K2S1,25677.453,52153.213,39.293
K2S2,25668.935,52165.123,39.555
K2S3,25660.922,52173.409,39.481
K2S4,25674.989,52146.430,39.471
K2S5,25668.321,52148.217,39.629
K2S6,25667.705,52158.702,39.347
K2T41,25678.796,52151.387,39.279
K2T42,25677.051,52176.044,39.267
K2T43,25712.980,52152.086,39.224
K2T44,25695.935,52173.678,39.141
K2T45,25678.435,52173.461,39.128
K2T46,25670.322,52156.968,39.031
K2T47,25648.793,52161.758,39.276
K2T48,25657.803,52136.317,39.470
K2T49,25688.463,52130.477,39.701
K2T50,25697.454,52130.661,39.761
K2T51,25714.793,52153.116,38.862
K2T52,25714.418,52172.388,38.847
K2T53,25734.553,52153.384,38.856
K2T54,25739.723,52152.397,39.344
K2T55,25711.093,52169.588,38.897
K6,25721.900,52210.076,39.000
K6,25721.900,52210.076,39.000
K6,25721.900,52210.076,39.000
K2,25688.954,52162.176,38.926
K6T56,25709.602,52195.888,38.985
K6T57,25709.325,52214.435,38.950
K6T58,25741.030,52196.304,39.008
K6T59,25713.995,52195.945,38.967
K6T60,25710.947,52189.610,38.789
K6T61,25714.095,52189.653,38.759
K6T62,25716.541,52194.060,39.197
K6T63,25707.151,52214.590,38.975
K6T64,25707.126,52221.989,38.980
K6T65,25701.146,52214.462,38.886
K6T66,25701.633,52189.462,38.832
K6T67,25707.950,52215.573,39.010
K6T68,25741.891,52216.056,39.105
K6T69,25742.278,52195.496,39.182
K6T70,25704.860,52195.691,39.241
K6T71,25704.138,52210.922,39.108
K6T72,25702.795,52199.776,39.146
K6T73,25705.205,52194.634,39.203
K6T74,25745.793,52200.996,38.841
K6T75,25751.828,52204.757,38.829
K6T76,25757.451,52195.737,38.837
K6T77,25751.936,52195.842,38.802
K6T78,25745.900,52193.161,38.798
K6T79,25740.843,52189.951,38.828
K6T80,25746.089,52179.711,38.835
K6T81,25740.403,52183.875,38.833
K6T82,25740.577,52176.194,38.855
K6T83,25727.282,52183.653,38.820
K6T84,25752.459,52153.515,38.795
K6T85,25727.319,52178.166,38.898
K6T86,25757.938,52175.148,38.942
K6T87,25716.888,52178.011,38.850
K6T88,25714.130,52183.513,38.819
K6T89,25758.388,52207.594,39.153
K6T90,25716.183,52189.718,38.748
K6T91,25752.017,52187.258,38.750
K6T92,25716.756,52193.684,39.218
K6T93,25748.801,52186.065,38.821
K6T94,25749.409,52166.753,38.818
K6T95,25760.827,52198.639,38.873
K6T96,25765.206,52207.964,39.075
K6T97,25766.363,52207.909,39.025
K6T98,25765.264,52213.662,39.033
K6T99,25765.956,52201.898,38.852
K6T100,25766.212,52199.281,38.862
K6T101,25774.609,52201.735,38.847
K6T102,25766.807,52198.860,38.851
K6T103,25767.318,52195.900,39.133
K6T104,25781.683,52199.151,38.867
K6T105,25767.365,52192.462,39.142
K6T106,25774.251,52199.197,38.883
K6T107,25774.263,52198.098,39.383
K6T108,25776.205,52199.453,38.884
K3,25721.900,52210.076,39.000
K3,25647.229,52187.093,38.930
SJ09,25650.375,52253.465,38.970
K3,25647.229,52187.093,38.930
SJ05,25649.781,52113.798,38.747
SJ05,25649.782,52113.801,38.747
K3T109,25654.851,52182.704,38.817
K3T110,25654.944,52177.161,38.838
K3T111,25706.970,52183.268,38.839
K3T112,25658.535,52188.668,38.803
K3T113,25662.386,52190.713,38.785
K3T114,25663.821,52193.743,38.774
K3T115,25696.002,52189.228,38.812
K3T116,25669.240,52193.585,38.776
K3T117,25689.560,52189.116,38.791
K3T118,25671.058,52190.511,38.795
K3T119,25685.686,52189.044,38.779
K3T120,25674.241,52188.913,38.798
K3T121,25663.726,52197.539,38.731
K3T122,25669.286,52197.650,38.731
K3T123,25674.798,52197.727,38.781
K3T124,25646.561,52174.326,38.907
K3T125,25639.799,52175.112,38.877
K3T126,25646.291,52159.481,38.848
K3T127,25638.471,52159.978,38.838
K3T128,25647.692,52137.416,38.634
K3T129,25635.598,52149.505,38.736
K3T130,25653.082,52126.544,38.763
K3T131,25626.927,52138.677,38.589
K3T132,25653.439,52129.440,38.940
K3T133,25637.438,52174.410,39.070
K3T134,25599.781,52184.448,39.546
K3T135,25637.474,52187.886,39.068
K3T136,25604.976,52197.383,39.287
K3T137,25639.676,52194.289,38.895
K3T138,25601.952,52205.929,39.349
K3T139,25646.892,52194.512,38.886
K3T140,25633.257,52193.623,39.420
K3T141,25630.196,52167.260,39.544
K3T142,25633.403,52177.516,39.497
K3T143,25621.597,52176.155,39.535
K3T144,25602.535,52178.832,39.841
K3T145,25635.346,52210.790,41.537
K3T146,25636.847,52185.028,40.861
K3T147,25635.726,52161.981,41.584
K3T148,25588.967,52192.431,42.894
